# 報價模板（類似圖片格式）
# 格式: 索引/編	代碼	商品名稱	買進價格	賣出價格	成交價格	買量	賣量	總量

1	CAF00	南亞期近月	0.00	0.00	0.00	0	0	0
2	CBF00	中鋼期近月	0.00	0.00	0.00	0	0	0
3	CCF00	聯電期近月(一般)	0.00	0.00	0.00	0	0	0
4	CDF00	台積電期近月(一般)	0.00	0.00	0.00	0	0	0
5	CEF00	富邦金期近月	0.00	0.00	0.00	0	0	0
6	CFF00	台塑期近月	0.00	0.00	0.00	0	0	0
7	CGF00	仁寶期近月	0.00	0.00	0.00	0	0	0
8	CHF00	友達期近月	0.00	0.00	0.00	0	0	0
9	CJF00	華南金期近月	0.00	0.00	0.00	0	0	0
10	CKF00	國泰金期近月	0.00	0.00	0.00	0	0	0
11	CLF00	兆豐金期近月	0.00	0.00	0.00	0	0	0
12	CMF00	台新金期近月	0.00	0.00	0.00	0	0	0
13	CNF00	中信金期近月	0.00	0.00	0.00	0	0	0
14	CQF00	統一期近月	0.00	0.00	0.00	0	0	0
15	CRF00	遠東新期近月	0.00	0.00	0.00	0	0	0
16	CSF00	華新期近月	0.00	0.00	0.00	0	0	0
17	CUF00	中環期近月	0.00	0.00	0.00	0	0	0
18	CWF00	佳世達期近月	0.00	0.00	0.00	0	0	0
19	CXF00	大同期近月	0.00	0.00	0.00	0	0	0
20	CYF00	南亞科期近月	0.00	0.00	0.00	0	0	0
21	CZF00	長榮期近月	0.00	0.00	0.00	0	0	0
22	DAF00	陽明期近月	0.00	0.00	0.00	0	0	0
23	DBF00	華航期近月	0.00	0.00	0.00	0	0	0
24	DCF00	彰銀期近月	0.00	0.00	0.00	0	0	0
25	DEF00	永豐金期近月	0.00	0.00	0.00	0	0	0
26	DFF00	台泥期近月	0.00	0.00	0.00	0	0	0
27	DGF00	台化期近月	0.00	0.00	0.00	0	0	0
28	DHF00	鴻海期近月	0.00	0.00	0.00	0	0	0
29	DIF00	旺宏期近月	0.00	0.00	0.00	0	0	0
30	DJF00	華碩期近月	0.00	0.00	0.00	0	0	0
31	DKF00	廣達期近月	0.00	0.00	0.00	0	0	0
32	DLF00	中華電期近月	0.00	0.00	0.00	0	0	0
33	DNF00	玉山金期近月	0.00	0.00	0.00	0	0	0
34	DOF00	元大金期近月	0.00	0.00	0.00	0	0	0
35	DPF00	第一金期近月	0.00	0.00	0.00	0	0	0
36	DQF00	群創期近月	0.00	0.00	0.00	0	0	0
37	DSF00	宏碁期近月	0.00	0.00	0.00	0	0	0
38	DVF00	聯發科期近月	0.00	0.00	0.00	0	0	0
39	DWF00	潤泰全期近月	0.00	0.00	0.00	0	0	0
40	DXF00	緯創期近月	0.00	0.00	0.00	0	0	0
41	DYF00	亞泥期近月	0.00	0.00	0.00	0	0	0
42	DZF00	大成期近月	0.00	0.00	0.00	0	0	0
43	EEF00	國喬期近月	0.00	0.00	0.00	0	0	0
44	EGF00	中石化期近月	0.00	0.00	0.00	0	0	0
45	EHF00	東陽期近月	0.00	0.00	0.00	0	0	0
46	EKF00	南紡期近月	0.00	0.00	0.00	0	0	0
47	EMF00	東元期近月	0.00	0.00	0.00	0	0	0
48	EPF00	亞德客-KY期近月	0.00	0.00	0.00	0	0	0
49	EYF00	中纖期近月	0.00	0.00	0.00	0	0	0
50	EZF00	台肥期近月	0.00	0.00	0.00	0	0	0
51	FBF00	東和鋼鐵期近月	0.00	0.00	0.00	0	0	0
52	FCF00	中鴻期近月	0.00	0.00	0.00	0	0	0
53	FEF00	大成鋼期近月	0.00	0.00	0.00	0	0	0
54	FFF00	上銀期近月	0.00	0.00	0.00	0	0	0
55	FGF00	川湖期近月	0.00	0.00	0.00	0	0	0
56	FKF00	正新期近月	0.00	0.00	0.00	0	0	0
57	FNF00	裕隆期近月	0.00	0.00	0.00	0	0	0
58	FQF00	光寶科期近月	0.00	0.00	0.00	0	0	0
59	FRF00	台達電期近月	0.00	0.00	0.00	0	0	0
60	FSF00	金寶期近月	0.00	0.00	0.00	0	0	0
61	FTF00	華通期近月	0.00	0.00	0.00	0	0	0
62	FVF00	精英期近月	0.00	0.00	0.00	0	0	0
63	FWF00	友訊期近月	0.00	0.00	0.00	0	0	0
64	FYF00	台亞期近月	0.00	0.00	0.00	0	0	0
65	FZF00	華邦電期近月	0.00	0.00	0.00	0	0	0
66	GAF00	聯強期近月	0.00	0.00	0.00	0	0	0
67	GCF00	鴻準期近月	0.00	0.00	0.00	0	0	0
68	GHF00	技嘉期近月	0.00	0.00	0.00	0	0	0
69	GIF00	微星期近月	0.00	0.00	0.00	0	0	0
70	GJF00	瑞昱期近月	0.00	0.00	0.00	0	0	0
71	GKF00	群光期近月	0.00	0.00	0.00	0	0	0
72	GLF00	正崴期近月	0.00	0.00	0.00	0	0	0
73	GMF00	億光期近月	0.00	0.00	0.00	0	0	0
74	GNF00	凌陽期近月	0.00	0.00	0.00	0	0	0
75	GOF00	漢唐期近月	0.00	0.00	0.00	0	0	0
76	GRF00	京元電子期近月	0.00	0.00	0.00	0	0	0
77	GUF00	全新期近月	0.00	0.00	0.00	0	0	0
78	GVF00	飛宏期近月	0.00	0.00	0.00	0	0	0
79	GWF00	義隆期近月	0.00	0.00	0.00	0	0	0
80	GXF00	可成期近月	0.00	0.00	0.00	0	0	0
81	GYF00	強茂期近月	0.00	0.00	0.00	0	0	0
82	GZF00	兆赫期近月	0.00	0.00	0.00	0	0	0
83	HAF00	瑞軒期近月	0.00	0.00	0.00	0	0	0
84	HBF00	華新科期近月	0.00	0.00	0.00	0	0	0
85	HCF00	宏達電期近月	0.00	0.00	0.00	0	0	0
86	HHF00	中工期近月	0.00	0.00	0.00	0	0	0
87	HIF00	冠德期近月	0.00	0.00	0.00	0	0	0
88	HLF00	興富發期近月	0.00	0.00	0.00	0	0	0
89	HOF00	華固期近月	0.00	0.00	0.00	0	0	0
90	HQF00	新興期近月	0.00	0.00	0.00	0	0	0
91	HSF00	長榮航期近月	0.00	0.00	0.00	0	0	0
92	IAF00	臺企銀期近月	0.00	0.00	0.00	0	0	0
93	IHF00	農林期近月	0.00	0.00	0.00	0	0	0
94	IIF00	晶豪科期近月	0.00	0.00	0.00	0	0	0
95	IJF00	大立光期近月	0.00	0.00	0.00	0	0	0
96	IMF00	亞光期近月	0.00	0.00	0.00	0	0	0
97	IOF00	聯詠期近月	0.00	0.00	0.00	0	0	0
98	IPF00	智原期近月	0.00	0.00	0.00	0	0	0
99	IQF00	文曄期近月	0.00	0.00	0.00	0	0	0
100	IRF00	欣興期近月	0.00	0.00	0.00	0	0	0
101	ITF00	晶技期近月	0.00	0.00	0.00	0	0	0
102	IXF00	景碩期近月	0.00	0.00	0.00	0	0	0
103	IYF00	新日興期近月	0.00	0.00	0.00	0	0	0
104	IZF00	明泰期近月	0.00	0.00	0.00	0	0	0
105	JBF00	創意期近月	0.00	0.00	0.00	0	0	0
106	JFF00	嘉澤期近月	0.00	0.00	0.00	0	0	0
107	JMF00	健策期近月	0.00	0.00	0.00	0	0	0
108	JNF00	TPK-KY期近月	0.00	0.00	0.00	0	0	0
109	JPF00	大聯大期近月	0.00	0.00	0.00	0	0	0
110	JSF00	和碩期近月	0.00	0.00	0.00	0	0	0
111	JWF00	長虹期近月	0.00	0.00	0.00	0	0	0
112	JXF00	群益證期近月	0.00	0.00	0.00	0	0	0
113	JZF00	嘉聯益期近月	0.00	0.00	0.00	0	0	0
114	KAF00	瑞儀期近月	0.00	0.00	0.00	0	0	0
115	KBF00	聯茂期近月	0.00	0.00	0.00	0	0	0
116	KCF00	力成期近月	0.00	0.00	0.00	0	0	0
117	KDF00	同欣電期近月	0.00	0.00	0.00	0	0	0
118	KEF00	台表科期近月	0.00	0.00	0.00	0	0	0
119	KFF00	康舒期近月	0.00	0.00	0.00	0	0	0
120	KGF00	啟碁期近月	0.00	0.00	0.00	0	0	0
121	KIF00	台虹期近月	0.00	0.00	0.00	0	0	0
122	KKF00	達方期近月	0.00	0.00	0.00	0	0	0
123	KLF00	寶成期近月	0.00	0.00	0.00	0	0	0
124	KOF00	宏全期近月	0.00	0.00	0.00	0	0	0
125	KPF00	潤泰新期近月	0.00	0.00	0.00	0	0	0
126	KSF00	聚陽期近月	0.00	0.00	0.00	0	0	0
127	KUF00	台玻期近月	0.00	0.00	0.00	0	0	0
128	KWF00	廣宇期近月	0.00	0.00	0.00	0	0	0
129	LBF00	健鼎期近月	0.00	0.00	0.00	0	0	0
130	LCF00	台灣大期近月	0.00	0.00	0.00	0	0	0
131	LEF00	玉晶光期近月	0.00	0.00	0.00	0	0	0
132	LIF00	台郡期近月	0.00	0.00	0.00	0	0	0
133	LMF00	美利達期近月	0.00	0.00	0.00	0	0	0
134	LOF00	合庫金期近月	0.00	0.00	0.00	0	0	0
135	LQF00	英業達期近月	0.00	0.00	0.00	0	0	0
136	LRF00	凱基金期近月	0.00	0.00	0.00	0	0	0
137	LTF00	遠傳期近月	0.00	0.00	0.00	0	0	0
138	LUF00	臻鼎-KY期近月	0.00	0.00	0.00	0	0	0
139	LVF00	中租-KY期近月	0.00	0.00	0.00	0	0	0
140	LWF00	儒鴻期近月	0.00	0.00	0.00	0	0	0
141	LXF00	國巨期近月	0.00	0.00	0.00	0	0	0
142	LYF00	南電期近月	0.00	0.00	0.00	0	0	0
143	MAF00	葡萄王期近月	0.00	0.00	0.00	0	0	0
144	MBF00	敬鵬期近月	0.00	0.00	0.00	0	0	0
145	MJF00	致茂期近月	0.00	0.00	0.00	0	0	0
146	MKF00	美律期近月	0.00	0.00	0.00	0	0	0
147	MQF00	矽格期近月	0.00	0.00	0.00	0	0	0
148	MVF00	百和期近月	0.00	0.00	0.00	0	0	0
149	MYF00	精華期近月	0.00	0.00	0.00	0	0	0
150	NAF00	穩懋期近月	0.00	0.00	0.00	0	0	0
151	NBF00	璟德期近月	0.00	0.00	0.00	0	0	0
152	NDF00	威剛期近月	0.00	0.00	0.00	0	0	0
153	NEF00	欣銓期近月	0.00	0.00	0.00	0	0	0
154	NGF00	碩禾期近月	0.00	0.00	0.00	0	0	0
155	NIF00	晟德期近月	0.00	0.00	0.00	0	0	0
156	NJF00	榮剛期近月	0.00	0.00	0.00	0	0	0
157	NLF00	世界期近月	0.00	0.00	0.00	0	0	0
158	NMF00	中光電期近月	0.00	0.00	0.00	0	0	0
159	NOF00	中美晶期近月	0.00	0.00	0.00	0	0	0
160	NQF00	新普期近月	0.00	0.00	0.00	0	0	0
161	NSF00	頎邦期近月	0.00	0.00	0.00	0	0	0
162	NUF00	網家期近月	0.00	0.00	0.00	0	0	0
163	NVF00	元太期近月	0.00	0.00	0.00	0	0	0
164	NWF00	群聯期近月	0.00	0.00	0.00	0	0	0
165	NYF00	元大台灣50ETF期近月(一般)	0.00	0.00	0.00	0	0	0
166	OAF00	富邦上証期近月	0.00	0.00	0.00	0	0	0
167	OBF00	元大上證50期近月	0.00	0.00	0.00	0	0	0
168	ODF00	為升期近月	0.00	0.00	0.00	0	0	0
169	OEF00	彩晶期近月	0.00	0.00	0.00	0	0	0
170	OHF00	胡連期近月	0.00	0.00	0.00	0	0	0
171	OJF00	國泰中國A50期近月	0.00	0.00	0.00	0	0	0
172	OKF00	富邦深100期近月	0.00	0.00	0.00	0	0	0
173	OLF00	小型大立光期近月	0.00	0.00	0.00	0	0	0
174	OMF00	小型精華期近月	0.00	0.00	0.00	0	0	0
175	OOF00	群益深証中小期近月	0.00	0.00	0.00	0	0	0
176	OPF00	智邦期近月	0.00	0.00	0.00	0	0	0
177	OQF00	樺漢期近月	0.00	0.00	0.00	0	0	0
178	ORF00	和大期近月	0.00	0.00	0.00	0	0	0
179	OSF00	榮成期近月	0.00	0.00	0.00	0	0	0
180	OTF00	聯亞期近月	0.00	0.00	0.00	0	0	0
181	OUF00	同致期近月	0.00	0.00	0.00	0	0	0
182	OVF00	台燿期近月	0.00	0.00	0.00	0	0	0
183	OWF00	環球晶期近月	0.00	0.00	0.00	0	0	0
184	OXF00	精測期近月	0.00	0.00	0.00	0	0	0
185	OYF00	小型精測期近月	0.00	0.00	0.00	0	0	0
186	OZF00	日月光投控期近月	0.00	0.00	0.00	0	0	0
187	PAF00	原相期近月	0.00	0.00	0.00	0	0	0
188	PBF00	小型環球晶期近月	0.00	0.00	0.00	0	0	0
189	PCF00	智擎期近月	0.00	0.00	0.00	0	0	0
190	PDF00	泰博期近月	0.00	0.00	0.00	0	0	0
191	PEF00	台半期近月	0.00	0.00	0.00	0	0	0
192	PFF00	元大高股息期近月	0.00	0.00	0.00	0	0	0
193	PGF00	台灣高鐵期近月	0.00	0.00	0.00	0	0	0
194	PHF00	祥碩期近月	0.00	0.00	0.00	0	0	0
195	PIF00	力旺期近月	0.00	0.00	0.00	0	0	0
196	PJF00	台光電期近月	0.00	0.00	0.00	0	0	0
197	PKF00	信昌電期近月	0.00	0.00	0.00	0	0	0
198	PLF00	合晶期近月	0.00	0.00	0.00	0	0	0
199	PMF00	大江期近月	0.00	0.00	0.00	0	0	0
200	PNF00	小型祥碩期近月	0.00	0.00	0.00	0	0	0
201	PPF00	宣德期近月	0.00	0.00	0.00	0	0	0
202	PQF00	金居期近月	0.00	0.00	0.00	0	0	0
203	PRF00	宏捷科期近月	0.00	0.00	0.00	0	0	0
204	PSF00	神達期近月	0.00	0.00	0.00	0	0	0
205	PTF00	雙鴻期近月	0.00	0.00	0.00	0	0	0
206	PUF00	小型聯發科期近月	0.00	0.00	0.00	0	0	0
207	PVF00	緯穎期近月	0.00	0.00	0.00	0	0	0
208	PWF00	小型緯穎期近月	0.00	0.00	0.00	0	0	0
209	PXF00	鈊象期近月	0.00	0.00	0.00	0	0	0
210	PYF00	小型鈊象期近月	0.00	0.00	0.00	0	0	0
211	PZF00	信驊期近月	0.00	0.00	0.00	0	0	0
212	QAF00	小型信驊期近月	0.00	0.00	0.00	0	0	0
213	QBF00	富采期近月	0.00	0.00	0.00	0	0	0
214	QCF00	裕民期近月	0.00	0.00	0.00	0	0	0
215	QDF00	台勝科期近月	0.00	0.00	0.00	0	0	0
216	QEF00	小型國巨期近月	0.00	0.00	0.00	0	0	0
217	QFF00	小型台積電期近月(一般)	0.00	0.00	0.00	0	0	0
218	QGF00	小型瑞昱期近月	0.00	0.00	0.00	0	0	0
219	QHF00	小型聯詠期近月	0.00	0.00	0.00	0	0	0
220	QIF00	小型穩懋期近月	0.00	0.00	0.00	0	0	0
221	QJF00	小型玉晶光期近月	0.00	0.00	0.00	0	0	0
222	QKF00	永豐餘期近月	0.00	0.00	0.00	0	0	0
223	QLF00	精材期近月	0.00	0.00	0.00	0	0	0
224	QMF00	小型上銀期近月	0.00	0.00	0.00	0	0	0
225	QNF00	小型群聯期近月	0.00	0.00	0.00	0	0	0
226	QOF00	長興期近月	0.00	0.00	0.00	0	0	0
227	QPF00	正隆期近月	0.00	0.00	0.00	0	0	0
228	QQF00	僑威期近月	0.00	0.00	0.00	0	0	0
229	QRF00	小型華碩期近月	0.00	0.00	0.00	0	0	0
230	QSF00	小型南電期近月	0.00	0.00	0.00	0	0	0
231	QTF00	超豐期近月	0.00	0.00	0.00	0	0	0
232	QUF00	南茂期近月	0.00	0.00	0.00	0	0	0
233	QVF00	光罩期近月	0.00	0.00	0.00	0	0	0
234	QWF00	威盛期近月	0.00	0.00	0.00	0	0	0
235	QXF00	萬海期近月	0.00	0.00	0.00	0	0	0
236	QYF00	高端疫苗期近月	0.00	0.00	0.00	0	0	0
237	QZF00	力積電期近月	0.00	0.00	0.00	0	0	0
238	RAF00	奇鋐期近月	0.00	0.00	0.00	0	0	0
239	RBF00	中磊期近月	0.00	0.00	0.00	0	0	0
240	RCF00	漢翔期近月	0.00	0.00	0.00	0	0	0
241	RDF00	中天期近月	0.00	0.00	0.00	0	0	0
242	REF00	新唐期近月	0.00	0.00	0.00	0	0	0
243	RFF00	小型嘉澤期近月	0.00	0.00	0.00	0	0	0
244	RGF00	小型健策期近月	0.00	0.00	0.00	0	0	0
245	RIF00	國泰永續高股息期近月	0.00	0.00	0.00	0	0	0
246	RJF00	大亞期近月	0.00	0.00	0.00	0	0	0
247	RKF00	金像電期近月	0.00	0.00	0.00	0	0	0
248	RLF00	元晶期近月	0.00	0.00	0.00	0	0	0
249	RMF00	富邦媒期近月	0.00	0.00	0.00	0	0	0
250	RNF00	合一期近月	0.00	0.00	0.00	0	0	0
251	ROF00	立端期近月	0.00	0.00	0.00	0	0	0
252	RPF00	寶雅期近月	0.00	0.00	0.00	0	0	0
253	RQF00	小型富邦媒期近月	0.00	0.00	0.00	0	0	0
254	RRF00	小型寶雅期近月	0.00	0.00	0.00	0	0	0
255	RSF00	小型力旺期近月	0.00	0.00	0.00	0	0	0
256	RUF00	世紀鋼期近月	0.00	0.00	0.00	0	0	0
257	RVF00	小型台達電期近月	0.00	0.00	0.00	0	0	0
258	RWF00	小型創意期近月	0.00	0.00	0.00	0	0	0
259	RXF00	富邦越南期近月	0.00	0.00	0.00	0	0	0
260	RYF00	群益台ESG低碳50期近月	0.00	0.00	0.00	0	0	0
261	RZF00	元大美債20年期近月(一般)	0.00	0.00	0.00	0	0	0
262	SAF00	美時期近月	0.00	0.00	0.00	0	0	0
263	SBF00	華紙期近月	0.00	0.00	0.00	0	0	0
264	SCF00	小型聚陽期近月	0.00	0.00	0.00	0	0	0
265	SDF00	中興電期近月	0.00	0.00	0.00	0	0	0
266	SEF00	小型智邦期近月	0.00	0.00	0.00	0	0	0
267	SFF00	小型台光電期近月	0.00	0.00	0.00	0	0	0
268	SGF00	國泰智能電動車期近月	0.00	0.00	0.00	0	0	0
269	SIF00	元大美債1-3期近月	0.00	0.00	0.00	0	0	0
270	SJF00	神基期近月	0.00	0.00	0.00	0	0	0
271	SKF00	至上期近月	0.00	0.00	0.00	0	0	0
272	SLF00	小型技嘉期近月	0.00	0.00	0.00	0	0	0
273	SMF00	群益台灣精選高息期近月	0.00	0.00	0.00	0	0	0
274	SNF00	復華台灣科技優息期近月	0.00	0.00	0.00	0	0	0
275	SQF00	中信高評級公司債期近月	0.00	0.00	0.00	0	0	0
276	SRF00	小型元大台灣50ETF期近月(一般)	0.00	0.00	0.00	0	0	0
277	SSF00	小型元大高股息期近月	0.00	0.00	0.00	0	0	0
278	SUF00	元大台灣價值高息期近月	0.00	0.00	0.00	0	0	0
279	SVF00	小型川湖期近月	0.00	0.00	0.00	0	0	0
280	SWF00	小型世紀鋼期近月	0.00	0.00	0.00	0	0	0
281	SYF00	家登期近月	0.00	0.00	0.00	0	0	0
282	SZF00	小型家登期近月	0.00	0.00	0.00	0	0	0
283	UAF00	士電期近月	0.00	0.00	0.00	0	0	0
284	UBF00	亞翔期近月	0.00	0.00	0.00	0	0	0
285	UCF00	廣明期近月	0.00	0.00	0.00	0	0	0
286	UEF00	上海商銀期近月	0.00	0.00	0.00	0	0	0
287	UFF00	台塑化期近月	0.00	0.00	0.00	0	0	0
288	UGF00	達發期近月	0.00	0.00	0.00	0	0	0
289	UHF00	小型奇鋐期近月	0.00	0.00	0.00	0	0	0
290	UIF00	小型達發期近月	0.00	0.00	0.00	0	0	0
291	UJF00	群益ESG投等債20+期近月	0.00	0.00	0.00	0	0	0
292	UKF00	國泰20年美債期近月	0.00	0.00	0.00	0	0	0
293	ULF00	小型雙鴻期近月	0.00	0.00	0.00	0	0	0
294	UMF00	世芯-KY期近月	0.00	0.00	0.00	0	0	0
295	UOF00	小型世芯-KY期近月	0.00	0.00	0.00	0	0	0
296	UPF00	保瑞期近月	0.00	0.00	0.00	0	0	0
297	UQF00	小型保瑞期近月	0.00	0.00	0.00	0	0	0
298	URF00	統一FANG+期近月	0.00	0.00	0.00	0	0	0
299	USF00	小型統一FANG+期近月	0.00	0.00	0.00	0	0	0
300	UTF00	一詮期近月	0.00	0.00	0.00	0	0	0
301	UUF00	台灣虎航期近月	0.00	0.00	0.00	0	0	0
302	UVF00	旺矽期近月	0.00	0.00	0.00	0	0	0
303	UWF00	小型旺矽期近月	0.00	0.00	0.00	0	0	0
304	0050	元大台灣50	0.00	0.00	0.00	0	0	0
305	0056	元大高股息	0.00	0.00	0.00	0	0	0
306	006205	富邦上証	0.00	0.00	0.00	0	0	0
307	006206	元大上證50	0.00	0.00	0.00	0	0	0
308	00636	國泰中國A50	0.00	0.00	0.00	0	0	0
309	00639	富邦深100	0.00	0.00	0.00	0	0	0
310	00643	群益深証中小	0.00	0.00	0.00	0	0	0
311	00679B	元大美債20年	0.00	0.00	0.00	0	0	0
312	00687B	國泰20年美債	0.00	0.00	0.00	0	0	0
313	00719B	元大美債1-3	0.00	0.00	0.00	0	0	0
314	00757	統一FANG+	0.00	0.00	0.00	0	0	0
315	00772B	中信高評級公司債	0.00	0.00	0.00	0	0	0
316	00878	國泰永續高股息	0.00	0.00	0.00	0	0	0
317	00885	富邦越南	0.00	0.00	0.00	0	0	0
318	00893	國泰智能電動車	0.00	0.00	0.00	0	0	0
319	00919	群益台灣精選高息	0.00	0.00	0.00	0	0	0
320	00923	群益台ESG低碳50	0.00	0.00	0.00	0	0	0
321	00929	復華台灣科技優息	0.00	0.00	0.00	0	0	0
322	00937B	群益ESG投等債20+	0.00	0.00	0.00	0	0	0
323	00940	元大台灣價值高息	0.00	0.00	0.00	0	0	0
324	1101	台泥	0.00	0.00	0.00	0	0	0
325	1102	亞泥	0.00	0.00	0.00	0	0	0
326	1210	大成	0.00	0.00	0.00	0	0	0
327	1216	統一	0.00	0.00	0.00	0	0	0
328	1301	台塑	0.00	0.00	0.00	0	0	0
329	1303	南亞	0.00	0.00	0.00	0	0	0
330	1312	國喬	0.00	0.00	0.00	0	0	0
331	1314	中石化	0.00	0.00	0.00	0	0	0
332	1319	東陽	0.00	0.00	0.00	0	0	0
333	1326	台化	0.00	0.00	0.00	0	0	0
334	1402	遠東新	0.00	0.00	0.00	0	0	0
335	1440	南紡	0.00	0.00	0.00	0	0	0
336	1476	儒鴻	0.00	0.00	0.00	0	0	0
337	1477	聚陽	0.00	0.00	0.00	0	0	0
338	1503	士電	0.00	0.00	0.00	0	0	0
339	1504	東元	0.00	0.00	0.00	0	0	0
340	1513	中興電	0.00	0.00	0.00	0	0	0
341	1536	和大	0.00	0.00	0.00	0	0	0
342	1565	精華	0.00	0.00	0.00	0	0	0
343	1590	亞德客-KY	0.00	0.00	0.00	0	0	0
344	1605	華新	0.00	0.00	0.00	0	0	0
345	1609	大亞	0.00	0.00	0.00	0	0	0
346	1707	葡萄王	0.00	0.00	0.00	0	0	0
347	1717	長興	0.00	0.00	0.00	0	0	0
348	1718	中纖	0.00	0.00	0.00	0	0	0
349	1722	台肥	0.00	0.00	0.00	0	0	0
350	1795	美時	0.00	0.00	0.00	0	0	0
351	1802	台玻	0.00	0.00	0.00	0	0	0
352	1904	正隆	0.00	0.00	0.00	0	0	0
353	1905	華紙	0.00	0.00	0.00	0	0	0
354	1907	永豐餘	0.00	0.00	0.00	0	0	0
355	1909	榮成	0.00	0.00	0.00	0	0	0
356	2002	中鋼	0.00	0.00	0.00	0	0	0
357	2006	東和鋼鐵	0.00	0.00	0.00	0	0	0
358	2014	中鴻	0.00	0.00	0.00	0	0	0
359	2027	大成鋼	0.00	0.00	0.00	0	0	0
360	2049	上銀	0.00	0.00	0.00	0	0	0
361	2059	川湖	0.00	0.00	0.00	0	0	0
362	2105	正新	0.00	0.00	0.00	0	0	0
363	2201	裕隆	0.00	0.00	0.00	0	0	0
364	2231	為升	0.00	0.00	0.00	0	0	0
365	2301	光寶科	0.00	0.00	0.00	0	0	0
366	2303	聯電	0.00	0.00	0.00	0	0	0
367	2308	台達電	0.00	0.00	0.00	0	0	0
368	2312	金寶	0.00	0.00	0.00	0	0	0
369	2313	華通	0.00	0.00	0.00	0	0	0
370	2317	鴻海	0.00	0.00	0.00	0	0	0
371	2323	中環	0.00	0.00	0.00	0	0	0
372	2324	仁寶	0.00	0.00	0.00	0	0	0
373	2327	國巨	0.00	0.00	0.00	0	0	0
374	2328	廣宇	0.00	0.00	0.00	0	0	0
375	2330	台積電	0.00	0.00	0.00	0	0	0
376	2331	精英	0.00	0.00	0.00	0	0	0
377	2332	友訊	0.00	0.00	0.00	0	0	0
378	2337	旺宏	0.00	0.00	0.00	0	0	0
379	2338	光罩	0.00	0.00	0.00	0	0	0
380	2340	台亞	0.00	0.00	0.00	0	0	0
381	2344	華邦電	0.00	0.00	0.00	0	0	0
382	2345	智邦	0.00	0.00	0.00	0	0	0
383	2347	聯強	0.00	0.00	0.00	0	0	0
384	2352	佳世達	0.00	0.00	0.00	0	0	0
385	2353	宏碁	0.00	0.00	0.00	0	0	0
386	2354	鴻準	0.00	0.00	0.00	0	0	0
387	2355	敬鵬	0.00	0.00	0.00	0	0	0
388	2356	英業達	0.00	0.00	0.00	0	0	0
389	2357	華碩	0.00	0.00	0.00	0	0	0
390	2360	致茂	0.00	0.00	0.00	0	0	0
391	2368	金像電	0.00	0.00	0.00	0	0	0
392	2371	大同	0.00	0.00	0.00	0	0	0
393	2376	技嘉	0.00	0.00	0.00	0	0	0
394	2377	微星	0.00	0.00	0.00	0	0	0
395	2379	瑞昱	0.00	0.00	0.00	0	0	0
396	2382	廣達	0.00	0.00	0.00	0	0	0
397	2383	台光電	0.00	0.00	0.00	0	0	0
398	2385	群光	0.00	0.00	0.00	0	0	0
399	2388	威盛	0.00	0.00	0.00	0	0	0
400	2392	正崴	0.00	0.00	0.00	0	0	0
401	2393	億光	0.00	0.00	0.00	0	0	0
402	2401	凌陽	0.00	0.00	0.00	0	0	0
403	2404	漢唐	0.00	0.00	0.00	0	0	0
404	2408	南亞科	0.00	0.00	0.00	0	0	0
405	2409	友達	0.00	0.00	0.00	0	0	0
406	2412	中華電	0.00	0.00	0.00	0	0	0
407	2439	美律	0.00	0.00	0.00	0	0	0
408	2441	超豐	0.00	0.00	0.00	0	0	0
409	2449	京元電子	0.00	0.00	0.00	0	0	0
410	2454	聯發科	0.00	0.00	0.00	0	0	0
411	2455	全新	0.00	0.00	0.00	0	0	0
412	2457	飛宏	0.00	0.00	0.00	0	0	0
413	2458	義隆	0.00	0.00	0.00	0	0	0
414	2474	可成	0.00	0.00	0.00	0	0	0
415	2481	強茂	0.00	0.00	0.00	0	0	0
416	2485	兆赫	0.00	0.00	0.00	0	0	0
417	2486	一詮	0.00	0.00	0.00	0	0	0
418	2489	瑞軒	0.00	0.00	0.00	0	0	0
419	2492	華新科	0.00	0.00	0.00	0	0	0
420	2498	宏達電	0.00	0.00	0.00	0	0	0
421	2515	中工	0.00	0.00	0.00	0	0	0
422	2520	冠德	0.00	0.00	0.00	0	0	0
423	2542	興富發	0.00	0.00	0.00	0	0	0
424	2548	華固	0.00	0.00	0.00	0	0	0
425	2603	長榮	0.00	0.00	0.00	0	0	0
426	2605	新興	0.00	0.00	0.00	0	0	0
427	2606	裕民	0.00	0.00	0.00	0	0	0
428	2609	陽明	0.00	0.00	0.00	0	0	0
429	2610	華航	0.00	0.00	0.00	0	0	0
430	2615	萬海	0.00	0.00	0.00	0	0	0
431	2618	長榮航	0.00	0.00	0.00	0	0	0
432	2633	台灣高鐵	0.00	0.00	0.00	0	0	0
433	2634	漢翔	0.00	0.00	0.00	0	0	0
434	2801	彰銀	0.00	0.00	0.00	0	0	0
435	2834	臺企銀	0.00	0.00	0.00	0	0	0
436	2880	華南金	0.00	0.00	0.00	0	0	0
437	2881	富邦金	0.00	0.00	0.00	0	0	0
438	2882	國泰金	0.00	0.00	0.00	0	0	0
439	2883	凱基金	0.00	0.00	0.00	0	0	0
440	2884	玉山金	0.00	0.00	0.00	0	0	0
441	2885	元大金	0.00	0.00	0.00	0	0	0
442	2886	兆豐金	0.00	0.00	0.00	0	0	0
443	2887	台新金	0.00	0.00	0.00	0	0	0
444	2888	新光金	0.00	0.00	0.00	0	0	0
445	2890	永豐金	0.00	0.00	0.00	0	0	0
446	2891	中信金	0.00	0.00	0.00	0	0	0
447	2892	第一金	0.00	0.00	0.00	0	0	0
448	2913	農林	0.00	0.00	0.00	0	0	0
449	2915	潤泰全	0.00	0.00	0.00	0	0	0
450	3005	神基	0.00	0.00	0.00	0	0	0
451	3006	晶豪科	0.00	0.00	0.00	0	0	0
452	3008	大立光	0.00	0.00	0.00	0	0	0
453	3017	奇鋐	0.00	0.00	0.00	0	0	0
454	3019	亞光	0.00	0.00	0.00	0	0	0
455	3034	聯詠	0.00	0.00	0.00	0	0	0
456	3035	智原	0.00	0.00	0.00	0	0	0
457	3036	文曄	0.00	0.00	0.00	0	0	0
458	3037	欣興	0.00	0.00	0.00	0	0	0
459	3042	晶技	0.00	0.00	0.00	0	0	0
460	3044	健鼎	0.00	0.00	0.00	0	0	0
461	3045	台灣大	0.00	0.00	0.00	0	0	0
462	3078	僑威	0.00	0.00	0.00	0	0	0
463	3081	聯亞	0.00	0.00	0.00	0	0	0
464	3105	穩懋	0.00	0.00	0.00	0	0	0
465	3152	璟德	0.00	0.00	0.00	0	0	0
466	3189	景碩	0.00	0.00	0.00	0	0	0
467	3227	原相	0.00	0.00	0.00	0	0	0
468	3231	緯創	0.00	0.00	0.00	0	0	0
469	3260	威剛	0.00	0.00	0.00	0	0	0
470	3264	欣銓	0.00	0.00	0.00	0	0	0
471	3293	鈊象	0.00	0.00	0.00	0	0	0
472	3324	雙鴻	0.00	0.00	0.00	0	0	0
473	3374	精材	0.00	0.00	0.00	0	0	0
474	3376	新日興	0.00	0.00	0.00	0	0	0
475	3380	明泰	0.00	0.00	0.00	0	0	0
476	3406	玉晶光	0.00	0.00	0.00	0	0	0
477	3443	創意	0.00	0.00	0.00	0	0	0
478	3481	群創	0.00	0.00	0.00	0	0	0
479	3529	力旺	0.00	0.00	0.00	0	0	0
480	3532	台勝科	0.00	0.00	0.00	0	0	0
481	3533	嘉澤	0.00	0.00	0.00	0	0	0
482	3552	同致	0.00	0.00	0.00	0	0	0
483	3653	健策	0.00	0.00	0.00	0	0	0
484	3661	世芯-KY	0.00	0.00	0.00	0	0	0
485	3673	TPK-KY	0.00	0.00	0.00	0	0	0
486	3680	家登	0.00	0.00	0.00	0	0	0
487	3691	碩禾	0.00	0.00	0.00	0	0	0
488	3702	大聯大	0.00	0.00	0.00	0	0	0
489	3706	神達	0.00	0.00	0.00	0	0	0
490	3711	日月光投控	0.00	0.00	0.00	0	0	0
491	3714	富采	0.00	0.00	0.00	0	0	0
492	4123	晟德	0.00	0.00	0.00	0	0	0
493	4128	中天	0.00	0.00	0.00	0	0	0
494	4162	智擎	0.00	0.00	0.00	0	0	0
495	4736	泰博	0.00	0.00	0.00	0	0	0
496	4743	合一	0.00	0.00	0.00	0	0	0
497	4904	遠傳	0.00	0.00	0.00	0	0	0
498	4919	新唐	0.00	0.00	0.00	0	0	0
499	4938	和碩	0.00	0.00	0.00	0	0	0
500	4958	臻鼎-KY	0.00	0.00	0.00	0	0	0
501	5009	榮剛	0.00	0.00	0.00	0	0	0
502	5269	祥碩	0.00	0.00	0.00	0	0	0
503	5274	信驊	0.00	0.00	0.00	0	0	0
504	5347	世界	0.00	0.00	0.00	0	0	0
505	5371	中光電	0.00	0.00	0.00	0	0	0
506	5388	中磊	0.00	0.00	0.00	0	0	0
507	5425	台半	0.00	0.00	0.00	0	0	0
508	5457	宣德	0.00	0.00	0.00	0	0	0
509	5483	中美晶	0.00	0.00	0.00	0	0	0
510	5534	長虹	0.00	0.00	0.00	0	0	0
511	5871	中租-KY	0.00	0.00	0.00	0	0	0
512	5876	上海商銀	0.00	0.00	0.00	0	0	0
513	5880	合庫金	0.00	0.00	0.00	0	0	0
514	5904	寶雅	0.00	0.00	0.00	0	0	0
515	6005	群益證	0.00	0.00	0.00	0	0	0
516	6116	彩晶	0.00	0.00	0.00	0	0	0
517	6121	新普	0.00	0.00	0.00	0	0	0
518	6139	亞翔	0.00	0.00	0.00	0	0	0
519	6147	頎邦	0.00	0.00	0.00	0	0	0
520	6153	嘉聯益	0.00	0.00	0.00	0	0	0
521	6173	信昌電	0.00	0.00	0.00	0	0	0
522	6176	瑞儀	0.00	0.00	0.00	0	0	0
523	6182	合晶	0.00	0.00	0.00	0	0	0
524	6188	廣明	0.00	0.00	0.00	0	0	0
525	6213	聯茂	0.00	0.00	0.00	0	0	0
526	6223	旺矽	0.00	0.00	0.00	0	0	0
527	6239	力成	0.00	0.00	0.00	0	0	0
528	6245	立端	0.00	0.00	0.00	0	0	0
529	6257	矽格	0.00	0.00	0.00	0	0	0
530	6269	台郡	0.00	0.00	0.00	0	0	0
531	6271	同欣電	0.00	0.00	0.00	0	0	0
532	6274	台燿	0.00	0.00	0.00	0	0	0
533	6278	台表科	0.00	0.00	0.00	0	0	0
534	6279	胡連	0.00	0.00	0.00	0	0	0
535	6282	康舒	0.00	0.00	0.00	0	0	0
536	6285	啟碁	0.00	0.00	0.00	0	0	0
537	6414	樺漢	0.00	0.00	0.00	0	0	0
538	6443	元晶	0.00	0.00	0.00	0	0	0
539	6472	保瑞	0.00	0.00	0.00	0	0	0
540	6488	環球晶	0.00	0.00	0.00	0	0	0
541	6505	台塑化	0.00	0.00	0.00	0	0	0
542	6510	精測	0.00	0.00	0.00	0	0	0
543	6526	達發	0.00	0.00	0.00	0	0	0
544	6547	高端疫苗	0.00	0.00	0.00	0	0	0
545	6669	緯穎	0.00	0.00	0.00	0	0	0
546	6757	台灣虎航	0.00	0.00	0.00	0	0	0
547	6770	力積電	0.00	0.00	0.00	0	0	0
548	8039	台虹	0.00	0.00	0.00	0	0	0
549	8044	網家	0.00	0.00	0.00	0	0	0
550	8046	南電	0.00	0.00	0.00	0	0	0
551	8069	元太	0.00	0.00	0.00	0	0	0
552	8086	宏捷科	0.00	0.00	0.00	0	0	0
553	8112	至上	0.00	0.00	0.00	0	0	0
554	8150	南茂	0.00	0.00	0.00	0	0	0
555	8163	達方	0.00	0.00	0.00	0	0	0
556	8299	群聯	0.00	0.00	0.00	0	0	0
557	8358	金居	0.00	0.00	0.00	0	0	0
558	8436	大江	0.00	0.00	0.00	0	0	0
559	8454	富邦媒	0.00	0.00	0.00	0	0	0
560	9904	寶成	0.00	0.00	0.00	0	0	0
561	9914	美利達	0.00	0.00	0.00	0	0	0
562	9938	百和	0.00	0.00	0.00	0	0	0
563	9939	宏全	0.00	0.00	0.00	0	0	0
564	9945	潤泰新	0.00	0.00	0.00	0	0	0
565	9958	世紀鋼	0.00	0.00	0.00	0	0	0
566	TSE	加權指數	0.00	0.00	0.00	0	0	0
567	TSE23	電子	0.00	0.00	0.00	0	0	0
568	TSE28	金融保險	0.00	0.00	0.00	0	0	0
569	TWMC	台灣中型100指數	0.00	0.00	0.00	0	0	0
